% 168*52 = 8736 hours

% MW
bj_load = [
1539
1486
1422
1352
1300
1285
1311
1344
1350
1401
1488
1565
1608
1623
1657
1736
1894
1996
1984
1884
1765
1652
1552
1413
1322
1257
1224
1214
1236
1340
1602
1940
2140
2236
2286
2281
2265
2247
2247
2215
2328
2467
2361
2228
2035
1876
1741
1582
1447
1325
1312
1314
1337
1440
1751
2108
2262
2275
2312
2255
2245
2274
2255
2271
2328
2482
2405
2244
2071
1933
1780
1597
1440
1373
1334
1348
1363
1497
1737
2114
2240
2248
2252
2246
2225
2243
2272
2244
2385
2504
2425
2285
2113
1975
1786
1589
1477
1406
1344
1362
1366
1494
1784
2147
2298
2275
2270
2257
2172
2144
2120
2097
2239
2406
2354
2181
1982
1818
1706
1564
1458
1330
1307
1275
1273
1285
1350
1471
1639
1802
1891
1887
1891
1860
1851
1838
2030
2196
2191
2003
1864
1750
1618
1532
1425
1317
1261
1253
1231
1252
1331
1401
1525
1662
1746
1811
1801
1795
1790
1822
2002
2163
2126
2010
1902
1764
1645
1463
1384
1312
1293
1257
1287
1399
1706
2126
2240
2269
2303
2283
2253
2244
2251
2241
2371
2495
2397
2240
2062
1914
1746
1572
1432
1342
1321
1340
1359
1467
1767
2126
2267
2272
2280
2264
2230
2240
2234
2187
2307
2502
2406
2236
2039
1871
1734
1575
1442
1373
1310
1306
1364
1462
1780
2197
2301
2288
2295
2264
2219
2239
2197
2183
2337
2539
2439
2292
2125
2000
1840
1656
1528
1451
1431
1423
1451
1540
1817
2199
2314
2300
2300
2266
2224
2210
2230
2195
2333
2554
2461
2294
2098
1986
1793
1634
1503
1432
1407
1439
1441
1570
1883
2278
2366
2358
2348
2275
2217
2143
2080
2063
2255
2446
2406
2239
1978
1882
1734
1624
1514
1413
1374
1372
1368
1390
1478
1623
1703
1872
1959
1966
1925
1853
1811
1869
2057
2208
2187
2039
1902
1790
1677
1585
1463
1363
1300
1294
1285
1327
1344
1462
1632
1743
1830
1906
1886
1855
1827
1883
2006
2214
2226
2085
1966
1829
1709
1572
1450
1390
1362
1377
1401
1526
1858
2229
2407
2404
2445
2424
2359
2354
2375
2288
2420
2601
2512
2271
2155
2035
1788
1629
1505
1465
1429
1427
1486
1553
1852
2230
2360
2377
2398
2389
2359
2358
2344
2322
2405
2566
2472
2304
2134
1979
1803
1606
1474
1403
1378
1378
1407
1518
1832
2224
2353
2363
2383
2364
2309
2289
2311
2295
2354
2549
2463
2319
2134
1985
1843
1629
1497
1423
1417
1438
1470
1585
1872
2269
2399
2399
2370
2395
2378
2398
2363
2351
2440
2595
2513
2353
2151
2039
1854
1660
1549
1464
1390
1410
1460
1555
1848
2219
2409
2395
2416
2419
2382
2350
2291
2249
2321
2475
2430
2233
2063
1919
1790
1654
1508
1428
1368
1369
1322
1365
1399
1534
1702
1882
1963
1992
1971
1975
1941
1986
2091
2270
2210
2064
1922
1812
1716
1600
1499
1401
1325
1311
1317
1348
1402
1493
1601
1743
1843
1861
1877
1852
1847
1862
2009
2207
2218
2085
1971
1843
1709
1555
1454
1379
1339
1360
1368
1520
1817
2198
2357
2381
2403
2396
2390
2377
2348
2343
2427
2576
2475
2335
2154
2022
1838
1653
1542
1462
1450
1435
1432
1544
1880
2252
2407
2426
2459
2425
2394
2415
2367
2350
2424
2583
2457
2305
2127
1995
1793
1641
1494
1432
1411
1410
1416
1552
1872
2230
2388
2428
2473
2444
2383
2337
2336
2264
2300
2461
2420
2252
2073
1941
1774
1609
1435
1391
1323
1315
1341
1462
1758
2150
2256
2267
2299
2275
2247
2246
2259
2213
2274
2494
2406
2283
2072
1971
1788
1613
1474
1383
1380
1379
1401
1523
1813
2198
2322
2332
2348
2327
2272
2235
2168
2102
2187
2383
2362
2161
1993
1849
1711
1548
1462
1368
1314
1248
1247
1282
1394
1484
1624
1822
1836
1823
1823
1773
1692
1732
1882
2194
2168
1962
1831
1731
1614
1523
1433
1294
1286
1241
1245
1274
1306
1435
1575
1713
1819
1873
1907
1889
1812
1875
1977
2187
2145
2062
1919
1802
1656
1533
1428
1324
1344
1349
1376
1489
1802
2191
2261
2329
2331
2314
2271
2285
2251
2185
2228
2501
2422
2262
2106
1977
1777
1618
1474
1416
1365
1346
1410
1524
1828
2183
2290
2308
2299
2316
2312
2331
2290
2249
2297
2528
2447
2289
2119
1997
1804
1631
1503
1411
1381
1373
1417
1537
1820
2219
2274
2331
2312
2318
2297
2282
2249
2180
2224
2468
2436
2277
2109
1977
1787
1616
1475
1406
1391
1360
1402
1497
1776
2165
2273
2288
2307
2289
2275
2280
2272
2283
2304
2547
2486
2345
2176
2022
1862
1683
1572
1513
1486
1466
1526
1649
1929
2286
2379
2397
2417
2356
2325
2256
2216
2201
2262
2483
2493
2327
2122
1996
1875
1730
1611
1536
1514
1484
1501
1522
1576
1725
1877
1987
2018
2040
1976
1950
1942
1939
2026
2299
2306
2140
2013
1933
1810
1735
1630
1559
1503
1454
1468
1512
1564
1654
1765
1882
1916
1958
1922
1885
1884
1870
1969
2273
2331
2225
2094
1984
1849
1717
1590
1551
1534
1525
1560
1651
1937
2289
2412
2487
2543
2551
2485
2511
2455
2381
2424
2659
2592
2419
2260
2104
1927
1735
1590
1524
1474
1491
1512
1615
1923
2257
2343
2378
2415
2413
2413
2428
2403
2368
2338
2571
2475
2250
2076
1946
1772
1579
1444
1425
1391
1397
1425
1507
1768
2137
2220
2239
2256
2232
2185
2189
2187
2161
2201
2411
2388
2235
2044
1940
1751
1547
1456
1387
1352
1371
1328
1467
1813
2206
2311
2355
2357
2304
2199
2206
2174
2092
2185
2431
2397
2251
2072
1899
1741
1567
1435
1355
1349
1347
1388
1516
1810
2208
2257
2303
2319
2297
2218
2203
2093
1987
2066
2291
2378
2223
2018
1907
1772
1622
1547
1455
1411
1401
1408
1454
1526
1673
1808
1927
1963
1933
1870
1853
1816
1816
1858
2168
2217
2058
1901
1797
1696
1573
1496
1427
1379
1362
1354
1382
1471
1546
1661
1788
1890
1949
1971
1924
1892
1888
1963
2111
2174
2009
1879
1787
1657
1542
1430
1354
1274
1286
1324
1464
1695
2063
2192
2264
2321
2304
2294
2277
2260
2184
2163
2407
2382
2215
2058
1909
1762
1599
1470
1391
1371
1368
1404
1507
1799
2062
2172
2206
2182
2151
2148
2104
2062
2033
2038
2284
2357
2179
2056
1912
1759
1555
1458
1384
1369
1370
1416
1506
1774
2094
2212
2285
2313
2295
2270
2251
2217
2132
2107
2313
2398
2194
2067
1940
1803
1615
1483
1417
1387
1396
1390
1479
1743
2058
2166
2198
2206
2176
2125
2095
2056
2021
2055
2246
2372
2210
2051
1918
1762
1586
1461
1394
1368
1360
1395
1464
1757
2098
2236
2277
2322
2299
2260
2180
2086
2053
2032
2221
2257
2073
1934
1816
1708
1596
1478
1407
1324
1348
1362
1398
1492
1571
1727
1815
1925
1920
1893
1852
1810
1825
1887
2112
2181
2002
1875
1734
1657
1563
1484
1400
1347
1302
1322
1335
1395
1462
1566
1668
1705
1679
1682
1636
1617
1586
1631
1904
2114
1992
1896
1753
1617
1461
1410
1328
1331
1324
1337
1475
1762
2145
2244
2278
2310
2334
2243
2229
2221
2188
2183
2371
2393
2267
2074
1961
1762
1591
1440
1397
1390
1374
1412
1546
1794
2094
2205
2197
2235
2192
2179
2173
2152
2130
2133
2330
2400
2212
2046
1951
1769
1578
1443
1389
1367
1374
1395
1542
1816
2134
2211
2238
2228
2203
2206
2189
2142
2083
2074
2275
2378
2250
2079
1943
1784
1618
1485
1435
1405
1412
1436
1566
1813
2087
2184
2206
2209
2181
2149
2132
2135
2038
2082
2265
2338
2219
2065
1954
1804
1598
1472
1443
1389
1430
1461
1584
1847
2191
2300
2292
2316
2286
2221
2194
2110
2065
2085
2274
2425
2268
2100
1968
1841
1693
1593
1510
1466
1477
1472
1507
1575
1694
1851
1919
1985
1968
1937
1894
1863
1861
1941
2146
2254
2091
1973
1855
1753
1632
1525
1420
1341
1384
1369
1382
1414
1472
1646
1759
1790
1765
1791
1751
1716
1708
1749
1985
2174
2074
1949
1806
1695
1551
1451
1395
1383
1397
1419
1499
1788
2115
2246
2290
2254
2253
2234
2206
2198
2113
2154
2352
2397
2276
2127
1998
1764
1584
1523
1464
1440
1432
1488
1597
1873
2217
2283
2313
2328
2310
2303
2259
2232
2168
2159
2353
2455
2297
2129
2006
1850
1647
1521
1460
1430
1446
1462
1575
1849
2129
2266
2329
2331
2316
2285
2290
2235
2187
2208
2368
2429
2284
2105
2002
1826
1640
1512
1443
1420
1429
1464
1586
1816
2120
2239
2277
2302
2290
2260
2271
2290
2228
2223
2361
2436
2335
2151
2004
1845
1668
1533
1468
1439
1435
1482
1591
1877
2125
2245
2279
2304
2292
2285
2265
2165
2127
2089
2256
2405
2261
2065
1943
1793
1652
1540
1431
1419
1406
1385
1418
1461
1628
1782
1884
1933
1912
1881
1840
1844
1814
1878
2036
2196
2066
1943
1841
1745
1648
1559
1482
1433
1429
1401
1453
1522
1539
1648
1756
1799
1832
1807
1758
1725
1706
1764
1940
2146
2105
1972
1858
1731
1581
1487
1433
1395
1418
1469
1587
1880
2177
2303
2323
2269
2231
2160
2194
2144
2059
2030
2207
2368
2279
2102
2010
1836
1651
1546
1479
1464
1467
1501
1620
1872
2153
2263
2280
2271
2232
2185
2153
2159
2014
2043
2132
2286
2271
2113
1971
1783
1583
1511
1472
1443
1461
1485
1601
1902
2178
2273
2285
2294
2244
2211
2214
2177
2130
2134
2271
2376
2269
2117
1944
1753
1559
1450
1365
1359
1349
1386
1500
1757
2056
