% annual electricity demand [MWh]

annual_load = [
85577570	%	'Heilongjiang'
52046179	%	'Jilin'
104177680	%	'Liaoning'
85321605	%	'Shaanxi'
61260913	%	'Gansu'
32422210	%	'Qinghai'
44623200	%	'Ningxia'
151846276	%	'Beijing'
88504686	%	'Tianjin'
100679494	%	'Hebei'
129518197	%	'Shanxi'
105542826	%	'Mengxi'
247176690	%	'Shandong'
835554480	%	'Shanghai'
299734799	%	'Jiangsu'
170899175	%	'Zhejiang'
94962947	%	'Anhui'
116719956	%	'Fujian'
91294118	%	'Hubei'
52728752	%	'Jiangxi'
78239912	%	'Hunan'
104092358	%	'Sichuan'
37882793	%	'Chongqing'
171155140	%	'Henan'
245811545	%	'Guangdong'
56738868	%	'Guangxi'
79861023	%	'Yunnan'
108443760	%	'Guizhou'
12030346	%	'Hainan'
33104783	%	'Xinjiang_R'
2047719     %	'Xizang_R'
];

